#parameter variation file for learning
#varied parameters:
#case = 3
#computationIndex = 2
#functionData = {'nArms': 2, 'evaluationSteps': 5000, 'episodeSteps': 1229, 'episodeStepsMax': 1536, 'totalLearningSteps': 300000, 'logLevel': 3, 'lossThreshold': 0.01, 'rewardThreshold': 0.95, 'meanSampleSize': 10, 'RLalgorithm': 'PPO', 'rewardMode': 2, 'rewardPositionFactor': 0.7, 'stepUpdateTime': 0.02, 'thresholdFactor': 1.5, 'cartForce': 40, 'forceFactor': 1, 'numberOfTests': 100, 'relativeFriction': 0.0, 'storeBestModel': 'models/DP/PPO/DP_PPO_r0Model', 'netarchLayerSize': 64, 'netarchNumberOfLayers': 2, 'stopWhenAllTestsSuccess': False, 'breakTestsWhenFailed': False, 'nThreadsTraining': 1, 'resultsFile': 'models/DP/PPO/DP_PPO_r0Results', 'verbose': True}
#
'totalSteps': 1536, 'rewardStep': 0.8668131283921183, 'errorList': [], 'lossList': [0.0, -1.4020056625207264, 0.0, 18.18102835516135, 0.0, 0.0, 0.0], 'rewardMean': 0.8668131283921183, 'totalEpisodes': 123, 'stepsPerEpisode': 3, 'rewardPerEpisode': 2.7302162169797906
'totalSteps': 3072, 'rewardStep': 0.9220564530024408, 'errorList': [], 'lossList': [0.0, -1.359417787194252, 0.0, 14.827367790540059, 0.0, 0.0, 0.0], 'rewardMean': 0.8944347906972796, 'totalEpisodes': 226, 'stepsPerEpisode': 5, 'rewardPerEpisode': 4.505092609629536
'totalSteps': 4608, 'rewardStep': 0.89981531844209, 'errorList': [], 'lossList': [0.0, -1.3242623930176098, 0.0, 16.89148554801941, 0.0, 0.0, 0.0], 'rewardMean': 0.8962282999455496, 'totalEpisodes': 305, 'stepsPerEpisode': 12, 'rewardPerEpisode': 10.775949507585661
'totalSteps': 6144, 'rewardStep': 0.7033372806650198, 'errorList': [], 'lossList': [0.0, 0.0, 0.0, 0.0, 0.0, 0.0, 0.0], 'rewardMean': 0.8190718922333377, 'totalEpisodes': 363, 'stepsPerEpisode': 24, 'rewardPerEpisode': 22.200343972770053
'totalSteps': 7680, 'rewardStep': 0.8106352737531064, 'errorList': [], 'lossList': [0.0, -1.2863975713650386, 0.0, 20.138969790935516, 0.0, 0.0, 0.0], 'rewardMean': 0.817665789153299, 'totalEpisodes': 426, 'stepsPerEpisode': 21, 'rewardPerEpisode': 18.32928469800458
'totalSteps': 9216, 'rewardStep': 0.9642492258302149, 'errorList': [91.86258301003005, 94.45588836508252, 522.0370714192186, 119176.31725733797, 104.27802480569387, 121.85687455056338, 138.7753340416324, 97.35743479794533, 86.37507168294039, 213.26617879368797, 1266.0622468187992, 21641.428246570973, 384377.0027599954, 6487.38883542474, 245.94077990757103, 381.9225759822103, 132.42146195896532, 124.24227416210738, 126.87607348402054, 131.6061596858749, 24714.909401419816, 40319.200116375854, 498965.58005388454, 74.20974851401608, 217.87790210642126, 78.39426258773979, 209.30920277828625, 142.64066616969927, 283.9669399148038, 178.32944480493597, 133.7650989374935, 127.0240992852092, 276.59354568347464, 403.4469448863895, 134.30937639427532, 138.73458458093674, 137.519969777646, 332.1094313942294, 137.43928105375343, 136.38235146458226, 143.01004848268465, 116.65920383550487, 9757.593649103474, 119.54652677460301, 85.59483292619964, 120.43376173329587, 582.9886484307543, 57.65977193165821, 78.80935117776937, 125.81840025829545, 245.1616361916703, 772976.3060447858, 91.89184712097457, 230.55841358106593, 424.61540476227543, 94.71664694853511, 161.1041216144249, 190.09717654575363, 115.6207721084749, 15142.927656724694, 56963.35799266402, 299.82595541805074, 148.7322349979515, 218.39365097573594, 194.54450325653093, 229.02134072046883, 95.5458112788235, 141.32569293713178, 235.01171043056624, 160.94322378842298, 91.2321811868706, 118.96531875939297, 100498.80861496188, 988.8591919915737, 113.5444310915833, 209.49918427075988, 18990.927595093483, 101.92709970556045, 228.64993350047226, 122.95309587150705, 97.97274967217088, 130.93148953354847, 345.3867062863088, 317.0762675128722, 166.68211805320723, 118.74341301848752, 117.6687321289078, 254.1041762146979, 132.67685510671862, 127.41406160605015, 338.0574609011221, 114.95709151974653, 116.15823288197338, 168.2832732024175, 115.26645625180257, 161.59836989172445, 236.48228803143877, 137.05954744544144, 206.6971002894246, 129.2808996123971], 'lossList': [0.0, -1.248461303114891, 0.0, 22.90519425471624, 0.0, 0.0, 0.0], 'rewardMean': 0.8386062801071441, 'totalEpisodes': 471, 'stepsPerEpisode': 6, 'rewardPerEpisode': 5.646106978864165, 'successfulTests': 0
'totalSteps': 10752, 'rewardStep': 0.8160136906799509, 'errorList': [], 'lossList': [0.0, -1.2246152679125468, 0.0, 13.490260714292527, 0.0, 0.0, 0.0], 'rewardMean': 0.8357822064287451, 'totalEpisodes': 508, 'stepsPerEpisode': 27, 'rewardPerEpisode': 22.935796431769916
'totalSteps': 12288, 'rewardStep': 0.9303461939758859, 'errorList': [], 'lossList': [0.0, -1.2061662753423055, 0.0, 12.72132069269816, 0.0, 0.0, 0.0], 'rewardMean': 0.8462893161562053, 'totalEpisodes': 544, 'stepsPerEpisode': 45, 'rewardPerEpisode': 41.59277949701622
'totalSteps': 13824, 'rewardStep': 0.9223210762261246, 'errorList': [], 'lossList': [0.0, -1.1908635963996252, 0.0, 12.991172814369202, 0.0, 0.0, 0.0], 'rewardMean': 0.8538924921631972, 'totalEpisodes': 575, 'stepsPerEpisode': 27, 'rewardPerEpisode': 25.146856862738844
'totalSteps': 15360, 'rewardStep': 0.9512412802830897, 'errorList': [325.0666775494933, 333705.09626363555, 268.9692054034341, 290.4289536786987, 77.58658846398755, 326.54401940105294, 187.53407948725732, 25889.865033092137, 85.76674865579288, 411.7917707326756, 115.2945291556884, 150.79878643219567, 353.7477734315589, 95.91490115158636, 195.79844319442572, 330.0173524973538, 59.03458098159444, 299.88348940775296, 263.03823258724776, 131.56519641467727, 156.7095880519647, 55.92417102460281, 115.87758927783132, 6218642.778817091, 148.3355353002509, 56.8099024378967, 141.32754589176076, 309.28753924159565, 277.6698836819738, 539.5795876407424, 191.59886473440244, 271.12343701405865, 279.94727375579726, 333.9012943624784, 326.68351533603516, 48468.88830539276, 142.56825654332062, 77.6521940318943, 127.46446036983824, 239.19635364783272, 204.36877430844123, 149.9676711693703, 121661.31710279179, 24988.22796330547, 352.2791064723033, 85.2769379329335, 119.92609210175523, 261.62215641056486, 710.000335662802, 93896.8720697302, 40856.41245978165, 91.46625057341187, 120.83337632341748, 144.52871619618577, 741.4147556763583, 219.53620762053043, 138.40754850042327, 314.49740457341903, 32063.09462149397, 116.46033107442885, 68.44747925862377, 109.95605567562262, 364.5851039608949, 144.75834334601888, 238.95055926804025, 105.43251686413358, 55958.714791003375, 285.22951149111987, 357.7404982922102, 429.68991837970384, 45.56425470629506, 93.59769479896127, 184.81185181821488, 339.98963516149456, 150.2906501394634, 325.7131695036087, 361.9144745456643, 105.17515291928, 114.68813373658541, 385.45537894476786, 140.58578086236582, 260.80146431995877, 95.15666376401374, 286.3843206729543, 240.18918273875832, 68722.33929575866, 282.9891736675003, 300.696434771747, 443.425823889307, 393.741023519124, 211.17922176940527, 196.86872116300233, 283.76210274316713, 50.17269346637866, 396.18673105351655, 193.69608028068012, 711015.5584345076, 76.40059229491324, 599.2384340048686, 274.7900764368943], 'lossList': [0.0, -1.1648890510201455, 0.0, 13.108104751507442, 0.0, 0.0, 0.0], 'rewardMean': 0.8623353073522942, 'totalEpisodes': 604, 'stepsPerEpisode': 23, 'rewardPerEpisode': 21.89971022583422, 'successfulTests': 0
'totalSteps': 16896, 'rewardStep': 0.7167919962457425, 'errorList': [], 'lossList': [0.0, -1.148119277258714, 0.0, 11.454788068930307, 0.0, 0.0, 0.0], 'rewardMean': 0.8418088616766244, 'totalEpisodes': 627, 'stepsPerEpisode': 61, 'rewardPerEpisode': 52.39569338720166
'totalSteps': 18432, 'rewardStep': 0.9726514869872736, 'errorList': [], 'lossList': [0.0, -1.1462054505944252, 0.0, 18.40365414619446, 0.0, 0.0, 0.0], 'rewardMean': 0.8490924785311428, 'totalEpisodes': 652, 'stepsPerEpisode': 8, 'rewardPerEpisode': 7.3801408348467366
'totalSteps': 19968, 'rewardStep': 0.8036252918409632, 'errorList': [], 'lossList': [0.0, -1.1386134391029676, 0.0, 18.103624093532563, 0.0, 0.0, 0.0], 'rewardMean': 0.8591212796487371, 'totalEpisodes': 669, 'stepsPerEpisode': 44, 'rewardPerEpisode': 39.18128784677454
'totalSteps': 21504, 'rewardStep': 0.9350408456267767, 'errorList': [], 'lossList': [0.0, -1.131400906542937, 0.0, 11.95616496404012, 0.0, 0.0, 0.0], 'rewardMean': 0.8822916361449129, 'totalEpisodes': 686, 'stepsPerEpisode': 116, 'rewardPerEpisode': 106.27569483958442
'totalSteps': 23040, 'rewardStep': 0.9129688847070442, 'errorList': [], 'lossList': [0.0, -1.131848731637001, 0.0, 8.115247927109401, 0.0, 0.0, 0.0], 'rewardMean': 0.8925249972403068, 'totalEpisodes': 699, 'stepsPerEpisode': 18, 'rewardPerEpisode': 16.169909004453917
'totalSteps': 24576, 'rewardStep': 0.6287810602512459, 'errorList': [], 'lossList': [0.0, -1.1236326158046723, 0.0, 15.546616113185882, 0.0, 0.0, 0.0], 'rewardMean': 0.8589781806824097, 'totalEpisodes': 711, 'stepsPerEpisode': 142, 'rewardPerEpisode': 122.50237599804505
'totalSteps': 26112, 'rewardStep': 0.8243556570729654, 'errorList': [], 'lossList': [0.0, -1.1079227924346924, 0.0, 7.175247419873873, 0.0, 0.0, 0.0], 'rewardMean': 0.8598123773217111, 'totalEpisodes': 721, 'stepsPerEpisode': 86, 'rewardPerEpisode': 76.86568200606949
'totalSteps': 27648, 'rewardStep': 0.599288963028365, 'errorList': [], 'lossList': [0.0, -1.0939648136496545, 0.0, 7.400150044759115, 0.0, 0.0, 0.0], 'rewardMean': 0.8267066542269591, 'totalEpisodes': 728, 'stepsPerEpisode': 181, 'rewardPerEpisode': 154.47093410911435
'totalSteps': 29184, 'rewardStep': 0.7160302165720456, 'errorList': [], 'lossList': [0.0, -1.0912897244095803, 0.0, 5.330517075955868, 0.0, 0.0, 0.0], 'rewardMean': 0.8060775682615511, 'totalEpisodes': 736, 'stepsPerEpisode': 156, 'rewardPerEpisode': 138.8898074857559
'totalSteps': 30720, 'rewardStep': 0.8382377098970197, 'errorList': [], 'lossList': [0.0, -1.0986761430899301, 0.0, 4.092016956210136, 0.0, 0.0, 0.0], 'rewardMean': 0.7947772112229441, 'totalEpisodes': 742, 'stepsPerEpisode': 155, 'rewardPerEpisode': 141.35062970149173
'totalSteps': 32256, 'rewardStep': 0.6770843413217211, 'errorList': [], 'lossList': [0.0, -1.1023989394307137, 0.0, 5.023358997205893, 0.0, 0.0, 0.0], 'rewardMean': 0.7908064457305419, 'totalEpisodes': 748, 'stepsPerEpisode': 214, 'rewardPerEpisode': 193.33912846593796
'totalSteps': 33792, 'rewardStep': 0.7923734144679293, 'errorList': [], 'lossList': [0.0, -1.0947830160458882, 0.0, 8.610508914788564, 0.0, 0.0, 0.0], 'rewardMean': 0.7727786384786077, 'totalEpisodes': 752, 'stepsPerEpisode': 232, 'rewardPerEpisode': 213.55558994634202
'totalSteps': 35328, 'rewardStep': 0.759580947400784, 'errorList': [], 'lossList': [0.0, -1.0913448949654898, 0.0, 4.184109446158012, 0.0, 0.0, 0.0], 'rewardMean': 0.7683742040345897, 'totalEpisodes': 754, 'stepsPerEpisode': 410, 'rewardPerEpisode': 300.72632596011636
'totalSteps': 36864, 'rewardStep': 0.926212376500762, 'errorList': [], 'lossList': [0.0, -1.1017522871494294, 0.0, 6.880154883861541, 0.0, 0.0, 0.0], 'rewardMean': 0.7674913571219882, 'totalEpisodes': 756, 'stepsPerEpisode': 204, 'rewardPerEpisode': 139.17171712820672
'totalSteps': 38400, 'rewardStep': 0.8915219975952217, 'errorList': [], 'lossList': [0.0, -1.1049282282590867, 0.0, 4.097787364820639, 0.0, 0.0, 0.0], 'rewardMean': 0.765346668410806, 'totalEpisodes': 759, 'stepsPerEpisode': 132, 'rewardPerEpisode': 116.41750684191582
'totalSteps': 39936, 'rewardStep': 0.8284483856953859, 'errorList': [], 'lossList': [0.0, -1.0934603278835615, 0.0, 3.512456374367078, 0.0, 0.0, 0.0], 'rewardMean': 0.78531340095522, 'totalEpisodes': 762, 'stepsPerEpisode': 432, 'rewardPerEpisode': 369.73380671522375
'totalSteps': 41472, 'rewardStep': 0.9196559507373503, 'errorList': [], 'lossList': [0.0, -1.085904789964358, 0.0, 1.9561278139551481, 0.0, 0.0, 0.0], 'rewardMean': 0.7948434303216585, 'totalEpisodes': 762, 'stepsPerEpisode': 1536, 'rewardPerEpisode': 1290.429882533393
'totalSteps': 43008, 'rewardStep': 0.7954119942341685, 'errorList': [], 'lossList': [0.0, -1.0836413418253263, 0.0, 1.2936041983465354, 0.0, 0.0, 0.0], 'rewardMean': 0.8144557334422389, 'totalEpisodes': 762, 'stepsPerEpisode': 1536, 'rewardPerEpisode': 1280.5167359279267
'totalSteps': 44544, 'rewardStep': 0.9218773400375541, 'errorList': [], 'lossList': [0.0, -1.074634392062823, 0.0, 0.6269113818804423, 0.0, 0.0, 0.0], 'rewardMean': 0.8350404457887896, 'totalEpisodes': 762, 'stepsPerEpisode': 1536, 'rewardPerEpisode': 1336.260060395122
'totalSteps': 46080, 'rewardStep': 0.9318394726009837, 'errorList': [], 'lossList': [0.0, -1.0328432897726694, 0.0, 0.25931929213305316, 0.0, 0.0, 0.0], 'rewardMean': 0.8444006220591861, 'totalEpisodes': 762, 'stepsPerEpisode': 1536, 'rewardPerEpisode': 1432.6049611691549
'totalSteps': 47616, 'rewardStep': 0.9462235424255582, 'errorList': [], 'lossList': [0.0, -0.9874506341914336, 0.0, 0.15626446678458403, 0.0, 0.0, 0.0], 'rewardMean': 0.8713145421695698, 'totalEpisodes': 762, 'stepsPerEpisode': 1536, 'rewardPerEpisode': 1448.8857129081632
'totalSteps': 49152, 'rewardStep': 0.9340315418031335, 'errorList': [], 'lossList': [0.0, -0.9537287428975105, 0.0, 0.15533685226303837, 0.0, 0.0, 0.0], 'rewardMean': 0.8854803549030901, 'totalEpisodes': 762, 'stepsPerEpisode': 1536, 'rewardPerEpisode': 1468.9936187444637
'totalSteps': 50688, 'rewardStep': 0.9516222721451774, 'errorList': [0.21432477769896954, 0.3046675245573917, 0.08727221742312247, 0.12755761280925015, 0.5203128153677212, 0.365666702244023, 0.07544266444719823, 0.06649750252746588, 0.0661689097503528, 0.21898160871134792, 0.060595364239316656, 0.19004517137775018, 0.0787504795598801, 0.07381231633118768, 0.06866709747155933, 0.242546511905308, 0.13237442054802412, 0.6272306386414052, 0.54868485872866, 0.05581262665414586, 0.06162018550216754, 0.21013970433483997, 0.07133953733468175, 0.5207824080623317, 0.18211683227229358, 0.44134180155883607, 0.38121389433139136, 0.17522162371916283, 0.2532690766421794, 0.4131467395161889, 0.1202307571950166, 0.09740718900355863, 0.029107227199078947, 0.22541893409489053, 0.27549922886184364, 0.3557936916732623, 0.3935592695014118, 0.06484132498985617, 0.4263133541776712, 0.13799616712519197, 0.18477418423629138, 0.1607031686079246, 0.4342232719413713, 0.2107416802424341, 0.5014362551616057, 0.2331341736626285, 0.13076834758170705, 0.09635291540309565, 0.12325295946644407, 0.26985495751516825, 0.2935434422658392, 0.44214119288346526, 0.4241095760349516, 0.1250378364076203, 0.26116261657184353, 0.522438616830585, 0.4258193440735972, 0.18389240080701907, 0.2842564786752969, 0.23551356996461423, 0.4324454120235374, 0.08962409367275753, 0.06472768626678813, 0.047953947473001225, 0.18236441187853614, 0.072552002687809, 0.2854415371805458, 0.13248009564029764, 0.3668306911716433, 0.054219837937912234, 0.14772956009721402, 0.14938009969284227, 0.14634877552895603, 0.05264425461262184, 0.06609042211358286, 0.21724662929458613, 0.09118154618240787, 0.09891555131171684, 0.47169291954884446, 0.08322010392830047, 0.14697759386912335, 0.05675298569756912, 0.047935079057309524, 0.13477378074088467, 0.06308488009167725, 0.40002845840819434, 0.030810160532040318, 0.3122129976658699, 0.23710819625762614, 0.23716800403804839, 0.18291386152425212, 0.12572897303752237, 0.20864346466126596, 0.4907943934567028, 0.1913855249857439, 0.2206613637888191, 0.24289743835810218, 0.3767396536723221, 0.20322823963270176, 0.11880825508527809], 'lossList': [0.0, -0.9293778928617636, 0.0, 0.1289241976919584, 0.0, 0.0, 0.0], 'rewardMean': 0.9046844873775296, 'totalEpisodes': 762, 'stepsPerEpisode': 1536, 'rewardPerEpisode': 1476.0346790243432, 'successfulTests': 53
'totalSteps': 52224, 'rewardStep': 0.9703733950170074, 'errorList': [], 'lossList': [0.0, -0.9098110854625702, 0.0, 0.059856825655636686, 0.0, 0.0, 0.0], 'rewardMean': 0.9091005892291542, 'totalEpisodes': 762, 'stepsPerEpisode': 1536, 'rewardPerEpisode': 1455.9053736731337
'totalSteps': 53760, 'rewardStep': 0.9509052538793132, 'errorList': [], 'lossList': [0.0, -0.8985281012952328, 0.0, 0.06250213435074935, 0.0, 0.0, 0.0], 'rewardMean': 0.9150389148575633, 'totalEpisodes': 762, 'stepsPerEpisode': 1536, 'rewardPerEpisode': 1474.409900218912
'totalSteps': 55296, 'rewardStep': 0.9497042802163425, 'errorList': [], 'lossList': [0.0, -0.8548892418543498, 0.0, 0.04613021150386582, 0.0, 0.0, 0.0], 'rewardMean': 0.9271645043096589, 'totalEpisodes': 762, 'stepsPerEpisode': 1536, 'rewardPerEpisode': 1485.9838826079804
'totalSteps': 56832, 'rewardStep': 0.9823242909593087, 'errorList': [0.16038343281909, 0.0468801958563856, 0.10795172921961939, 0.0729016794952334, 0.048366073312611085, 0.12417530336099601, 0.05740664494289575, 0.15973947010388492, 0.05714968322868904, 0.09562148371609858, 0.04710875594032791, 0.08336320410684572, 0.18130578773401723, 0.11793700713203593, 0.052302378925210516, 0.11458175043726981, 0.09342221961467934, 0.12168928520568864, 0.07220162164064468, 0.05315565225795195, 0.09693133043657354, 0.05081177538889383, 0.11365119644246087, 0.055264299411847316, 0.10806619900301662, 0.07768426346652561, 0.06173762221006144, 0.05502577735362539, 0.04804395510495975, 0.05551815239082188, 0.05267104200679106, 0.10842913768589421, 0.0744447515644905, 0.15614380529119476, 0.051564189744211945, 0.13739909624697455, 0.09234020692779504, 0.06301312505420295, 0.05931775368829192, 0.05886211299140435, 0.07826076391459369, 0.05849419244198099, 0.1484008870310682, 0.10210125746971424, 0.1539685183616325, 0.08539184098498057, 0.17565699547547953, 0.14934492436558344, 0.05179365448466318, 0.05847656244688226, 0.062054977284776776, 0.0494109611875353, 0.15109174575123852, 0.05188359237856892, 0.1059293395763895, 0.11670913204049665, 0.1244565207382562, 0.12553955605804779, 0.08385724754625627, 0.07721584764037066, 0.04868298141447729, 0.06960819281991523, 0.04634524307697251, 0.05193545458366217, 0.05445523022755687, 0.0862538757763289, 0.0968947973389324, 0.06162275720607072, 0.04795938306596707, 0.08341378584465385, 0.05236291657513314, 0.15840852537444253, 0.09835293115477378, 0.05184998128020949, 0.18744794777399046, 0.15168126201458146, 0.08007609973754853, 0.059697113235137204, 0.08200864846000287, 0.12830599985120042, 0.149789810848085, 0.04718256746989788, 0.049632965985165534, 0.05248484065011102, 0.05663014203467834, 0.05155128893232248, 0.06233607137969062, 0.08170527913004305, 0.04713367038094747, 0.060502736163396395, 0.08651070146992025, 0.09337469220487993, 0.08262418742858926, 0.058687738134731146, 0.16157275813417893, 0.05501320933471049, 0.09311324307892202, 0.06475126521617583, 0.0496950699613871, 0.049001450860102], 'lossList': [0.0, -0.805253109584252, 0.0, 0.040790025843307376, 0.0, 0.0, 0.0], 'rewardMean': 0.9334313383318547, 'totalEpisodes': 762, 'stepsPerEpisode': 1536, 'rewardPerEpisode': 1484.4977030281423, 'successfulTests': 100
'totalSteps': 58368, 'rewardStep': 0.9631430381992143, 'errorList': [], 'lossList': [0.0, -0.7652892661591371, 0.0, 0.02676733535481617, 0.0, 0.0, 0.0], 'rewardMean': 0.9502044427283594, 'totalEpisodes': 762, 'stepsPerEpisode': 1536, 'rewardPerEpisode': 1489.9203757881833
'totalSteps': 59904, 'rewardStep': 0.9941806370468398, 'errorList': [], 'lossList': [0.0, -0.7306677487989267, 0.0, 0.01925545334815979, 0.0, 0.0, 0.0], 'rewardMean': 0.957434772429288, 'totalEpisodes': 762, 'stepsPerEpisode': 1536, 'rewardPerEpisode': 1500.612013144642
'totalSteps': 61440, 'rewardStep': 0.994041141076062, 'errorList': [], 'lossList': [0.0, -0.6848998037477334, 0.0, 0.015462816187452214, 0.0, 0.0, 0.0], 'rewardMean': 0.9636549392767957, 'totalEpisodes': 762, 'stepsPerEpisode': 1536, 'rewardPerEpisode': 1504.7429899892293
'totalSteps': 62976, 'rewardStep': 0.9903347996445618, 'errorList': [0.05324867578319089, 0.0815735006315799, 0.0985605797414707, 0.03701250336002392, 0.08395033161538036, 0.1250275459635374, 0.08076372339517747, 0.05630972767300381, 0.036617719716164114, 0.03606832638202885, 0.11105007895519761, 0.05540316811723641, 0.10472886036183987, 0.06342613645371503, 0.08766588061958087, 0.09299304382205978, 0.03458913207505739, 0.050141459096824124, 0.09400336599271597, 0.03820266460741319, 0.0917405441462902, 0.04384593295073522, 0.095184283041664, 0.1199522335206265, 0.03759048902253548, 0.035778967383118546, 0.08110762096124156, 0.05802111589137955, 0.06662787123101155, 0.06923194615381885, 0.12499498463860927, 0.036377910638259243, 0.03434800924516314, 0.06900013316414859, 0.03802687839359423, 0.13659548080416242, 0.07543140266009628, 0.03572124969607659, 0.13378369413824068, 0.09436810519376579, 0.10733150619180648, 0.0358312707933693, 0.050737445885324535, 0.05298635535930983, 0.04599532328784225, 0.062140001809630765, 0.041278803491944314, 0.03704573536517688, 0.10878558875494847, 0.04825203849178743, 0.13233884743895777, 0.05374451827955195, 0.07637027659482827, 0.03697772568865745, 0.08737252568526493, 0.03557757563213405, 0.058742513603252944, 0.11740724147580908, 0.05375322365333184, 0.049041902071693455, 0.12861583919588052, 0.0371210345383405, 0.09112752362821226, 0.03523447799980741, 0.1196038767849481, 0.07368243205371101, 0.0993611229226177, 0.0652715697720776, 0.07215423108737426, 0.08189261203676274, 0.10749113581960616, 0.03473694681519018, 0.05967169292412403, 0.03621324124807192, 0.03420502104901187, 0.04203894265361512, 0.11237063514231312, 0.10758749663052808, 0.070308205435094, 0.06131268887544224, 0.03459550044635662, 0.05537544713807237, 0.05133723970796922, 0.03486106495677422, 0.10556530405444903, 0.07866388611891215, 0.14148047502777275, 0.05742125919147904, 0.03644212405106049, 0.03486983374208409, 0.11201432623686718, 0.035565288827919754, 0.15208745350267625, 0.1010449511838572, 0.09652174900497026, 0.10942816546660145, 0.056602153671419554, 0.048241059841934573, 0.08903489903987684, 0.1184710585668603], 'lossList': [0.0, -0.653106897821029, 0.0, 0.009382905573390114, 0.0, 0.0, 0.0], 'rewardMean': 0.968066064998696, 'totalEpisodes': 762, 'stepsPerEpisode': 1536, 'rewardPerEpisode': 1500.5733712969059, 'successfulTests': 100
'totalSteps': 64512, 'rewardStep': 0.9719906067292883, 'errorList': [], 'lossList': [0.0, -0.6323516967395941, 0.0, 0.0106381065066671, 0.0, 0.0, 0.0], 'rewardMean': 0.9718619714913116, 'totalEpisodes': 762, 'stepsPerEpisode': 1536, 'rewardPerEpisode': 1505.8485374371824
'totalSteps': 66048, 'rewardStep': 0.9887738389313812, 'errorList': [], 'lossList': [0.0, -0.6051971194644769, 0.0, 0.004411130344669801, 0.0, 0.0, 0.0], 'rewardMean': 0.9755771281699319, 'totalEpisodes': 762, 'stepsPerEpisode': 1536, 'rewardPerEpisode': 1496.9085379683534
'totalSteps': 67584, 'rewardStep': 0.9956320454154618, 'errorList': [], 'lossList': [0.0, -0.5816047549247741, 0.0, 0.006811796051139633, 0.0, 0.0, 0.0], 'rewardMean': 0.9781029932097773, 'totalEpisodes': 762, 'stepsPerEpisode': 1536, 'rewardPerEpisode': 1487.7392374906603
'totalSteps': 69120, 'rewardStep': 0.9766114639711266, 'errorList': [0.1034165710732123, 0.06973092029954239, 0.1040655527523122, 0.13127051931461797, 0.04920028783111149, 0.14295530304847173, 0.10712650558760803, 0.058021434695532705, 0.07793208056836017, 0.07712231118468962, 0.07960129313752126, 0.11838057054759195, 0.10403382437331322, 0.06208602451208096, 0.03740999874550324, 0.13976989348110364, 0.045918205892144064, 0.10774795167090108, 0.07843341915778472, 0.06975720733885657, 0.048005286666916426, 0.13278670139972834, 0.0407222650632946, 0.059233939868771984, 0.10989642697037269, 972.3288680128622, 0.11037256793246397, 0.043224369728770216, 0.0590490752405138, 0.058146626828641065, 911.8112110211, 719.7034348021542, 0.04161947466083147, 0.12176140297774816, 186.14027281193924, 0.04865977699585408, 0.056332884548290774, 0.06660190690882538, 0.041837563405342684, 0.12894747374790447, 0.059276195628575286, 0.037783963607458546, 0.06139035359365924, 0.12379418362288279, 0.08687304511524532, 0.06077319192525421, 0.048584708668275155, 0.04914991147433346, 674.2201340087498, 0.06684060827872079, 0.05684455399721509, 0.11113523528790267, 0.07619316886100323, 0.08298983752545157, 0.10068465831218845, 0.08595806528568486, 0.1073072179233749, 0.06263621633463357, 262971.8142137987, 0.04067948307105131, 0.049679062667781534, 0.09308773234645805, 0.04169836716770899, 0.09954311723749452, 0.04319405498493271, 0.0656016983187751, 0.05315988285856918, 0.07555275246541855, 0.05525782182175633, 0.08060461787801133, 0.12495782769606074, 0.11750517120644861, 0.045160929149570345, 0.10799291202934014, 0.07220550489094756, 0.08124074675540847, 0.10000228469713807, 0.05345090120197942, 0.04484907000370974, 0.1051413456297026, 0.0653624767769367, 0.08367734923609936, 0.04392421555551529, 0.04572846047714277, 0.1269482189887324, 0.08588979386937401, 1165.9891601785075, 0.15249510150949544, 0.08061587660320284, 0.09328164095110285, 0.09193851565706809, 0.0889481759498709, 0.07508706767784078, 0.04465340080632576, 0.042233968728925854, 0.0657476810170794, 0.05781322433093237, 0.08187059744455784, 0.08690293462295885, 0.07692019708661373], 'lossList': [0.0, -0.5557338652511438, 0.0, 0.005819857660875035, 0.0, 0.0, 0.0], 'rewardMean': 0.9806736142189587, 'totalEpisodes': 762, 'stepsPerEpisode': 1536, 'rewardPerEpisode': 1491.9045483292066, 'successfulTests': 93
'totalSteps': 70656, 'rewardStep': 0.987962739565334, 'errorList': [], 'lossList': [0.0, -0.5202360533177852, 0.0, 0.005031698844201553, 0.0, 0.0, 0.0], 'rewardMean': 0.9844994601538579, 'totalEpisodes': 762, 'stepsPerEpisode': 1536, 'rewardPerEpisode': 1504.3842978564458
'totalSteps': 72192, 'rewardStep': 0.9823116662404983, 'errorList': [], 'lossList': [0.0, -0.4825478697816531, 0.0, 0.0034870546917469864, 0.0, 0.0, 0.0], 'rewardMean': 0.9844981976819769, 'totalEpisodes': 762, 'stepsPerEpisode': 1536, 'rewardPerEpisode': 1504.6123776411014
'totalSteps': 73728, 'rewardStep': 0.9550549121841984, 'errorList': [], 'lossList': [0.0, -0.44754626924792923, 0.0, 0.005560213069353874, 0.0, 0.0, 0.0], 'rewardMean': 0.9836893850804753, 'totalEpisodes': 762, 'stepsPerEpisode': 1536, 'rewardPerEpisode': 1516.3230912016052
'totalSteps': 75264, 'rewardStep': 0.9752397110441278, 'errorList': [0.08558739330127522, 0.08700796550553555, 0.08574163089012651, 0.09798527000380466, 0.08572696852033718, 0.09989505373122094, 0.09734743128261764, 0.08570623830978802, 0.10601231056840489, 0.09130566845832722, 0.0857390205143726, 0.1084371231684765, 0.12190204458830238, 0.12867949743205206, 0.0880261267202672, 0.1355992303327035, 0.1446167477950345, 0.08589892740753025, 0.08684855757708952, 0.08880093015329378, 0.10455256523849628, 0.08725017974762643, 0.12053994486090326, 0.0871727601450958, 0.08578437833499429, 0.08682675396793103, 0.09378586122281626, 0.10005650855215577, 0.10021006662751757, 0.08593955618602947, 0.08567734615343259, 0.08973661556292543, 0.1317660573996302, 0.08926937219104145, 0.08776964096909443, 0.08690319669927356, 0.0870054707515001, 0.08796677642097685, 0.08653592065366385, 0.12251980037251597, 0.11049574425051355, 0.1406510325995441, 0.08639797775201366, 0.09427889907834114, 0.10129805854372435, 0.08573932910089783, 0.08828880360788066, 0.08571752209702417, 0.10489130044267031, 0.090883208607888, 0.08595764916155678, 0.09306243039973663, 0.08798381949530215, 0.08727439385884671, 0.09197078890703379, 0.08567390099965466, 0.10641622600026793, 0.08630299599717113, 0.1075274117147075, 0.09003185681433033, 0.08644714374702281, 0.09234469196976514, 0.08681761129123919, 0.1147624036325084, 0.08711731648353183, 0.09023584850364685, 0.11626362870343762, 0.08711147704310086, 0.08564962173148276, 0.10594210053483472, 0.0864284673045675, 0.08913170425257254, 0.15511730421663486, 0.11259439165582731, 0.0862176873827039, 0.08750048988637106, 0.11750183156813299, 0.08691921861592553, 0.08985354309617963, 0.08790661207892167, 0.08563659237073969, 0.09178955145270896, 0.1484319045509479, 0.08573606155143047, 0.08565092710333055, 0.1105456754073822, 0.08700754466282953, 0.08715372426207534, 0.1076154823495394, 0.08592283811377369, 0.12264914986776501, 0.08571625680008335, 0.08563172242695144, 0.08613487312420268, 0.08717828209083363, 0.10568530955901326, 0.13682637762406197, 0.08576532985513437, 0.09003897403356545, 0.123868800057069], 'lossList': [0.0, -0.4129572235047817, 0.0, 0.0034828579368574235, 0.0, 0.0, 0.0], 'rewardMean': 0.9817952924802039, 'totalEpisodes': 762, 'stepsPerEpisode': 1536, 'rewardPerEpisode': 1490.0403442097436, 'successfulTests': 100
'totalSteps': 76800, 'rewardStep': 0.9754772710670836, 'errorList': [], 'lossList': [0.0, -0.3877883513768514, 0.0, 0.0019828944564020882, 0.0, 0.0, 0.0], 'rewardMean': 0.9799389054793062, 'totalEpisodes': 762, 'stepsPerEpisode': 1536, 'rewardPerEpisode': 1497.1988359252744
'totalSteps': 78336, 'rewardStep': 0.95993271049227, 'errorList': [], 'lossList': [0.0, -0.3609008610248566, 0.0, 0.001965633342721655, 0.0, 0.0, 0.0], 'rewardMean': 0.9768986965640769, 'totalEpisodes': 762, 'stepsPerEpisode': 1536, 'rewardPerEpisode': 1502.6965444794535
'totalSteps': 79872, 'rewardStep': 0.9851765079452487, 'errorList': [], 'lossList': [0.0, -0.34988698810338975, 0.0, 0.0020224910704807067, 0.0, 0.0, 0.0], 'rewardMean': 0.9782172866856731, 'totalEpisodes': 762, 'stepsPerEpisode': 1536, 'rewardPerEpisode': 1508.0011844588348
'totalSteps': 81408, 'rewardStep': 0.9891997669088433, 'errorList': [0.2505362934843867, 0.2617950090013271, 0.04115386941048373, 0.11345889332625894, 0.12547406622343346, 0.24650699581876823, 0.03903981458224081, 0.2976448492349441, 0.23091940319986404, 0.2136754838776031, 0.047260670213942195, 0.048686179057186495, 0.1856552531302844, 0.05272594221754634, 0.028085154227167963, 0.1160794293016933, 0.10341777330802182, 0.021430244640740632, 0.06155395294676406, 0.30805297884499744, 0.13783972939933684, 0.0531537482727191, 0.15779344303750095, 0.2237941104982533, 0.0697320402108682, 0.19607440335681883, 0.2502437532242352, 0.10456454076303716, 0.0433190894213265, 0.029536414272566012, 0.303477135951743, 0.03327134386973023, 0.16540152540475714, 0.12222191410494057, 0.22796345540236146, 0.12828109397080362, 0.0687340334110345, 0.13809343411231972, 0.20944653805243205, 0.08986556690002186, 0.19170704635801736, 0.14826529218524398, 0.13760434817424896, 0.21473976633842956, 0.18213788389203622, 0.251179708192717, 0.10301179770124902, 0.08037492251259984, 0.3202505202636072, 0.06602060357312026, 0.1800557050798565, 0.03648573232878364, 0.09310679820406723, 0.3544807268722548, 0.06817510343732888, 0.17633755951831473, 0.15316369964590795, 0.24218715428666834, 0.04209962119805833, 0.08380234445030668, 0.14165559759373217, 0.22588924650119385, 0.2744534021699992, 0.08056108134125152, 0.03073755957979818, 0.07541169572872264, 0.2153910282650771, 0.3032339367984239, 0.26912540082664554, 0.24787155418655052, 0.09966257212449413, 0.0747952988758264, 0.09194624643987952, 0.08136205469647736, 0.2533569125494941, 0.21201374110268364, 0.1290739015234364, 0.04309607993399298, 0.09423168056680156, 0.22573821936300514, 0.1744037072247132, 0.17890550048282622, 0.26178782897576425, 0.055358586772504215, 0.038052746931931856, 0.0619782351251337, 0.30188404336650404, 0.17076349342408567, 0.17922797006502494, 0.08412406139668203, 0.20390937050553803, 0.1978158576105147, 0.2648437630681615, 0.2798500760922645, 0.052487490572331465, 0.13856602954665623, 0.20812372476427507, 0.06661471768446912, 0.28232776118931074, 0.2140167278681471], 'lossList': [0.0, -0.33284918119510015, 0.0, 0.0020962358394172043, 0.0, 0.0, 0.0], 'rewardMean': 0.9782598794834193, 'totalEpisodes': 762, 'stepsPerEpisode': 1536, 'rewardPerEpisode': 1513.7086460462506, 'successfulTests': 66
'totalSteps': 82944, 'rewardStep': 0.9895148087299329, 'errorList': [], 'lossList': [0.0, -0.30722951591014863, 0.0, 0.0034107225607537353, 0.0, 0.0, 0.0], 'rewardMean': 0.9776481558148664, 'totalEpisodes': 762, 'stepsPerEpisode': 1536, 'rewardPerEpisode': 1515.3644593514782
'totalSteps': 84480, 'rewardStep': 0.9779580097020579, 'errorList': [], 'lossList': [0.0, -0.2900721440712611, 0.0, 0.004554016374944088, 0.0, 0.0, 0.0], 'rewardMean': 0.9777828103879596, 'totalEpisodes': 762, 'stepsPerEpisode': 1536, 'rewardPerEpisode': 1514.1909124659956
'totalSteps': 86016, 'rewardStep': 0.9827966965954278, 'errorList': [], 'lossList': [0.0, -0.26378881732622783, 0.0, 0.0025998114021300958, 0.0, 0.0, 0.0], 'rewardMean': 0.9772662060909687, 'totalEpisodes': 762, 'stepsPerEpisode': 1536, 'rewardPerEpisode': 1517.1422373659775
'totalSteps': 87552, 'rewardStep': 0.9930948789084478, 'errorList': [0.32944733538875653, 0.03964560918339113, 0.09349887240171799, 0.24296265362182234, 0.2046701569701607, 0.2203320070836984, 0.04379473448822582, 0.25181206009081714, 0.24661217729768614, 0.03374294223997048, 0.050013931246849115, 0.12239299649383206, 0.11049745462123647, 0.24848959094768683, 545.9473082509297, 1456.4462572488494, 0.1933482932037723, 0.28834129987354024, 0.32611770383278904, 0.15184783714396086, 0.17788567526794152, 0.21900790574368234, 0.05702846636816686, 0.18068621847214264, 0.17358533294569184, 0.16282685368228175, 0.24448311799252054, 0.04565540142003427, 0.1083075499046374, 0.4009921451106157, 0.07485445639467891, 0.24473152244349827, 0.15047297565379542, 0.2297626375505921, 0.35708741909713615, 0.2989796064415004, 0.04567439022543268, 0.26732806164334605, 0.04484550052934352, 0.1825190224010062, 0.39627478183307446, 0.029949754467552797, 0.17669029380597417, 0.04724692654592067, 0.24779830987257706, 0.14917984245703714, 0.08386316408821771, 0.06447156538899819, 0.30073560550672457, 0.14821988859508306, 0.22446194792952973, 0.3838144549922773, 0.19101678743717623, 0.25380683327462283, 0.23614849403669325, 0.1306736845360175, 0.2118481410048668, 0.32895327975336724, 0.24203877904603482, 0.1499688495758148, 0.12407621001583423, 0.07670746302061829, 0.05204430640258092, 0.11511573189108715, 0.19268418123649464, 0.17965132338815787, 0.1395899201182273, 0.16952225299041804, 0.24389591454810935, 0.08528894104090814, 0.23543631605910395, 0.3112029796994207, 0.35023408317873733, 0.035796277982631755, 0.1997275955073473, 0.3536378812149795, 0.07051910969527848, 0.058046917462727846, 0.30209432001372355, 0.09270534774447284, 0.367891314675629, 0.2553187730854974, 0.051909698351141204, 0.3460644363002481, 0.2717672022547778, 0.09323153217707757, 0.2569868583508065, 0.23824967815071826, 0.33420427832643285, 0.16864172146443906, 0.3412474150087532, 0.2398586509825425, 0.2764126778113224, 0.0730585512425921, 0.1690281254596653, 0.0678899503323191, 0.16130662867556017, 0.07736713736152476, 0.04301430980538969, 0.2595144942296827], 'lossList': [0.0, -0.23923130730787914, 0.0, 0.0013056087744189426, 0.0, 0.0, 0.0], 'rewardMean': 0.9783445273577638, 'totalEpisodes': 762, 'stepsPerEpisode': 1536, 'rewardPerEpisode': 1514.1440430318862, 'successfulTests': 54
'totalSteps': 89088, 'rewardStep': 0.9912229744286227, 'errorList': [], 'lossList': [0.0, -0.21892141898473103, 0.0, 0.0013819014139395827, 0.0, 0.0, 0.0], 'rewardMean': 0.9819613335822062, 'totalEpisodes': 762, 'stepsPerEpisode': 1536, 'rewardPerEpisode': 1517.295948209742
'totalSteps': 90624, 'rewardStep': 0.9878728399033957, 'errorList': [], 'lossList': [0.0, -0.19634387095769246, 0.0, 0.002379950919809441, 0.0, 0.0, 0.0], 'rewardMean': 0.9832246464681329, 'totalEpisodes': 762, 'stepsPerEpisode': 1536, 'rewardPerEpisode': 1519.4609079642153
'totalSteps': 92160, 'rewardStep': 0.9963517476683135, 'errorList': [], 'lossList': [0.0, -0.1639082466562589, 0.0, 0.0017744977745072295, 0.0, 0.0, 0.0], 'rewardMean': 0.985312094128256, 'totalEpisodes': 762, 'stepsPerEpisode': 1536, 'rewardPerEpisode': 1521.3111801559073
'totalSteps': 93696, 'rewardStep': 0.9850077461554795, 'errorList': [0.03770304831870849, 0.06798103219745574, 0.043017524275024144, 0.02730356994312681, 0.022958802103649808, 0.05412421368672612, 0.05145685160119447, 0.0251776992203428, 0.06866083148236542, 0.03239649915574041, 0.022613514813892323, 0.03973233926163669, 0.027558257930822016, 0.07877639943794576, 0.021848309406567127, 0.03986673374063233, 0.052372452743557965, 0.03618313217822887, 0.04732327781971337, 0.049571864489627214, 0.02824192407083038, 0.022902153097704638, 0.0356579706825193, 0.055341129018585504, 0.037163527031290056, 0.06518484578427362, 0.07853542744085314, 0.03753401270587068, 0.027714273194461462, 0.03035303997108166, 0.032974095801609773, 0.06036722347190746, 0.06744694478619308, 0.07357567082683339, 0.033597533593556314, 0.05430405906316754, 0.03079239984100886, 0.02840115514863422, 0.051900312769663066, 0.026395136597303213, 0.07800459693429575, 0.035456317573994964, 0.03903803781285893, 0.05867539788962465, 0.0458987050303849, 0.046851798362040696, 0.050850767363155816, 0.06319700416341584, 0.06449121030796953, 0.027978752173831008, 0.0655180691050564, 0.03353852483887204, 0.03373882887194148, 0.050625514925870314, 0.0269912828139323, 0.022805256109979764, 977.3992966615118, 0.024644457867555116, 0.06515890856306616, 0.04016659707302789, 0.06342262925149972, 0.06547011267629063, 0.037330249387443046, 0.05859669887981032, 0.07746474831619476, 0.05597849669720266, 0.058724299555870524, 533.5894160335271, 0.02801250022578183, 0.02874605155554764, 0.05281028145791086, 0.025480306898841197, 0.07993586153567445, 0.038683784823098415, 0.037133626934392365, 0.02917304783303787, 0.03154777174109563, 0.03878336295788244, 0.0476708594292207, 0.055732730012148124, 0.06414502052183253, 0.06234310085617202, 0.025512140475332474, 0.03203772799631487, 0.027356899821012498, 0.02951520502957601, 0.05331799052221622, 0.03706801112135591, 0.03588840535929548, 0.0459485371044498, 0.06420753839790351, 0.047511124342935154, 0.03883358735000711, 0.08321159367434898, 0.08566584820403103, 0.03178053209019016, 0.03778297036095135, 0.07897750651797736, 0.030051612265926213, 0.024789560452780565], 'lossList': [0.0, -0.1449676677584648, 0.0, 0.001318250059921411, 0.0, 0.0, 0.0], 'rewardMean': 0.9878195976945771, 'totalEpisodes': 762, 'stepsPerEpisode': 1536, 'rewardPerEpisode': 1519.6847231328686, 'successfulTests': 98
'totalSteps': 95232, 'rewardStep': 0.9899940112583419, 'errorList': [], 'lossList': [0.0, -0.11916722655296326, 0.0, 0.0006638683966836349, 0.0, 0.0, 0.0], 'rewardMean': 0.9883013480258862, 'totalEpisodes': 762, 'stepsPerEpisode': 1536, 'rewardPerEpisode': 1519.929692115923
'totalSteps': 96768, 'rewardStep': 0.9941640118989873, 'errorList': [], 'lossList': [0.0, -0.08355892300605774, 0.0, 0.00124739019277816, 0.0, 0.0, 0.0], 'rewardMean': 0.9887977725249006, 'totalEpisodes': 762, 'stepsPerEpisode': 1536, 'rewardPerEpisode': 1524.5597203590223
'totalSteps': 98304, 'rewardStep': 0.9965298678750132, 'errorList': [], 'lossList': [0.0, -0.06279477030038834, 0.0, 0.0013196649643456718, 0.0, 0.0, 0.0], 'rewardMean': 0.9894992784394088, 'totalEpisodes': 762, 'stepsPerEpisode': 1536, 'rewardPerEpisode': 1521.3996824417081
'totalSteps': 99840, 'rewardStep': 0.9961090960126828, 'errorList': [0.04193149561686553, 0.09113440750885095, 0.08544912836534412, 0.0465416875967486, 0.03155109357330146, 0.07938253224563578, 0.18284285950804874, 0.2178961504799052, 0.07918719255259084, 0.07694613965750638, 0.07901769184796356, 958.5420029587417, 0.18602248630185572, 0.1898835448308402, 0.15081132336761244, 0.08490255673407682, 0.08785351663111232, 0.07239990934943949, 0.09529395201173033, 0.0709969575224873, 0.03892854364692198, 0.03676812598251526, 0.07472463976127308, 0.12321598857728172, 290.3419857696652, 0.054656364563828816, 0.1930486835404961, 0.030489459811024446, 0.02944131964323105, 0.1865523202391304, 0.045697274297970596, 0.09084002443446693, 0.05509681092816107, 0.03492238526311333, 0.07074171007626216, 0.10206996249322398, 0.12351081955978316, 0.13755909586332624, 0.04454461615298168, 745.1467590051058, 0.06027787707080922, 0.07813502876619965, 1228.2515968047592, 1553.1298723936316, 0.14050659563160808, 0.04853330078450663, 0.08897681844184767, 0.12833460395637433, 0.067280639578532, 0.07121637217481519, 0.03399651898417192, 0.03219373230868751, 0.06904997824846465, 0.08554037809414679, 0.1210371710164947, 0.10310371782550082, 0.05472178206719969, 0.06008631269196801, 0.07390946874818523, 0.030704574267310696, 0.028791965906399763, 0.05047517494499917, 0.10703330601273071, 0.10644337113185022, 0.08275946050026363, 0.029995635035015757, 0.03530134500452431, 0.05921152976179959, 0.03313800635106225, 0.06467486581992977, 0.04788828567794702, 1059.5169156719637, 221383.11180131638, 0.06339000271834655, 0.06922910457343526, 0.03983534313384532, 0.11464147876361622, 0.09883272852456346, 0.03912598713281447, 0.09160040049648985, 0.14646405043456812, 1356.5976980175012, 0.17588632626383477, 0.08913316021908778, 358429.32505780004, 620.2108582348343, 0.035057175718765064, 0.12660627482974754, 0.05670743924067514, 0.10372805903076414, 0.05649577575261913, 0.10910393074865368, 0.12573702944585277, 0.10699235930336405, 0.060945157387962925, 0.03203715005827001, 0.15411326902115127, 0.047737378477652415, 0.044244872809523265, 0.06495856878907208], 'lossList': [0.0, -0.04572813510894776, 0.0, 0.0005616164398816181, 0.0, 0.0, 0.0], 'rewardMean': 0.9913143870704711, 'totalEpisodes': 762, 'stepsPerEpisode': 1536, 'rewardPerEpisode': 1520.8227234344438, 'successfulTests': 89
'totalSteps': 101376, 'rewardStep': 0.9921956091363027, 'errorList': [], 'lossList': [0.0, -0.023816449443499248, 0.0, 0.000806196431343172, 0.0, 0.0, 0.0], 'rewardMean': 0.9922542783245587, 'totalEpisodes': 762, 'stepsPerEpisode': 1536, 'rewardPerEpisode': 1519.3370775922458
'totalSteps': 102912, 'rewardStep': 0.9910673973643422, 'errorList': [], 'lossList': [0.0, 0.012920720378557841, 0.0, 0.002669432874608901, 0.0, 0.0, 0.0], 'rewardMean': 0.9920515301701481, 'totalEpisodes': 762, 'stepsPerEpisode': 1536, 'rewardPerEpisode': 1524.3684820756127
'totalSteps': 104448, 'rewardStep': 0.9887840131797212, 'errorList': [], 'lossList': [0.0, 0.03618715802828471, 0.0, 0.0023174797627386096, 0.0, 0.0, 0.0], 'rewardMean': 0.991807634045258, 'totalEpisodes': 762, 'stepsPerEpisode': 1536, 'rewardPerEpisode': 1519.8220812191546
'totalSteps': 105984, 'rewardStep': 0.9958777817874039, 'errorList': [0.08635949289371866, 0.1190085930808914, 802379.6643083533, 0.0941681395379463, 0.14889425424716896, 120247.6008441476, 0.041214201094604504, 0.14037627054431043, 0.04305684855875206, 1278.9490382278361, 0.04565434446026205, 0.09169225742034519, 0.037207499073734183, 1416.7709269755112, 0.058618748352110055, 0.027843139117698184, 0.05790919428978674, 1008394.589918579, 0.1643128051321566, 0.09885892937645992, 0.18694838896023816, 0.14051188099370499, 0.12392314343031569, 0.19872557144262554, 0.08726414109273853, 0.0707693379782446, 0.06488097250237779, 0.023388055714479022, 574.676032727811, 0.09583517229924061, 0.05334813013039446, 0.11577101753110904, 0.046609970995668194, 0.18525245241284274, 1557.8513116500203, 0.02879884008667926, 1008.4759516166979, 0.07663673304950969, 0.029308885284939384, 0.03206859697734594, 0.19099137559311682, 0.23586609814845583, 14554.99883646147, 0.033576794699983176, 0.0706686375960814, 0.12210511782458211, 0.10007278252716624, 0.030051816620367818, 0.09115233049725587, 0.169118023965702, 0.13410400789103993, 0.21690202980566403, 0.10864685668079403, 0.19516964524460845, 0.035015669043088136, 0.038931190054724146, 361.9662227737397, 0.04713848510166938, 0.14669741604316386, 0.11845751648202779, 0.20355566128526123, 65129.02911432317, 0.16054779566883354, 0.04851399989557033, 0.02267025849373117, 0.10277420441706597, 0.09906897302033052, 1621.2348437938929, 0.10326921168673495, 0.0952690765106894, 0.11118786905799374, 0.05833438581145085, 1455.213791302314, 0.18248444883200077, 77855.51026237872, 0.03191515996307222, 0.061468977994287986, 1423.799884736787, 0.18857845112732438, 612.7937584914404, 0.039620514461088066, 0.10836125166111843, 0.15969741022368408, 0.21054191195914806, 1421.7993473704983, 0.15515418010111168, 683.4842793649635, 1387.6962923560975, 0.022971410575354574, 0.07449236691554965, 0.07161310410596314, 0.15774970408493708, 800.5232335941439, 0.023967111687812244, 757.514516672493, 0.048413597970267896, 0.0992530698772282, 0.1140529497744044, 0.06353999511818754, 0.17643642589148903], 'lossList': [0.0, 0.05028383185466131, 0.0, 0.0010840522258755906, 0.0, 0.0, 0.0], 'rewardMean': 0.9926081282336587, 'totalEpisodes': 762, 'stepsPerEpisode': 1536, 'rewardPerEpisode': 1519.7613877977733, 'successfulTests': 75
'totalSteps': 107520, 'rewardStep': 0.9877374600574896, 'errorList': [], 'lossList': [0.0, 0.07135479748249055, 0.0, 0.0005142789954940478, 0.0, 0.0, 0.0], 'rewardMean': 0.9917466994725765, 'totalEpisodes': 762, 'stepsPerEpisode': 1536, 'rewardPerEpisode': 1523.3244402075045
'totalSteps': 109056, 'rewardStep': 0.9917534911586763, 'errorList': [], 'lossList': [0.0, 0.09286520928144455, 0.0, 0.0005871679850921889, 0.0, 0.0, 0.0], 'rewardMean': 0.9924212739728961, 'totalEpisodes': 762, 'stepsPerEpisode': 1536, 'rewardPerEpisode': 1525.6798972321405
'totalSteps': 110592, 'rewardStep': 0.9950971218123535, 'errorList': [], 'lossList': [0.0, 0.11506838649511338, 0.0, 0.0004270931042507679, 0.0, 0.0, 0.0], 'rewardMean': 0.9929315850282971, 'totalEpisodes': 762, 'stepsPerEpisode': 1536, 'rewardPerEpisode': 1523.7477260766984
'totalSteps': 112128, 'rewardStep': 0.980723905434226, 'errorList': [0.12763679609764036, 0.0979781195735604, 0.10525887149684465, 262.8483952189752, 0.057212436370150756, 0.0438379123873166, 0.04286790782938618, 0.09210126093241935, 0.10561125677968616, 725.1037690868282, 695.9942073380043, 0.0461470907099618, 0.06286060894360657, 376.4757743445458, 115.02681836467265, 739.8342680283149, 1167.505785198716, 418.45039243177285, 0.04179774086012062, 226773.75069510413, 82.67570801081094, 0.04464674060785289, 0.1441578384541116, 0.08251902607905029, 45091.71208699285, 468810.4468890938, 0.04816430665863212, 0.1267920372500621, 0.042949551089135604, 30512.718796586985, 0.04408500366863585, 1220.538614630683, 0.046884717488469195, 0.0479738806087054, 0.07164379082947045, 35752.886798209045, 0.04485945557482285, 0.04276721507689557, 0.04262240152420668, 1469.5748934787046, 0.07390845086832071, 0.09632702461340287, 42669.11142658327, 1204.6461332728904, 912.6517022548146, 0.09586246795263186, 0.07221342617391725, 1617.935923520804, 0.041612473868627334, 0.04498392163581225, 0.08128360004690506, 1377.7966813859537, 0.04235369896573367, 0.06306082185262955, 3943.835490897191, 0.046669161564937646, 0.05772125873113064, 1392.2821718388666, 0.041053720725577364, 0.04320356602287004, 0.04335542598010654, 385.3199348020146, 0.04118237980583543, 0.04072346359755471, 0.07220873518654199, 0.04714917802563333, 0.12006426275145825, 0.04395316418211201, 0.044082056071639376, 1287.8885165573322, 0.04656840500418411, 0.06633845095108647, 0.07557903184352464, 0.04262945878011953, 0.04467836326004119, 0.0447679006825002, 0.042673059979466854, 1473.4991131676993, 839.984410427539, 0.0864011971319253, 0.09575698148097068, 0.11039182207676042, 0.04301317806206068, 0.04529952674593282, 0.17408791009820368, 0.04468072384117013, 1454.6080269412075, 1227.6093901111149, 474.25168159119625, 0.045918205992579834, 0.06926865594838286, 0.06521566878327408, 258.88332983032086, 0.1614441123798711, 0.043265441340861015, 0.04099341817153733, 763.694209295564, 0.0461537108657038, 978.7582973330909, 0.09231604627893855], 'lossList': [0.0, 0.13585889637470244, 0.0, 0.0028703233520597374, 0.0, 0.0, 0.0], 'rewardMean': 0.9915875743818212, 'totalEpisodes': 762, 'stepsPerEpisode': 1536, 'rewardPerEpisode': 1517.1926772899021, 'successfulTests': 67
'totalSteps': 113664, 'rewardStep': 0.9861977739275221, 'errorList': [], 'lossList': [0.0, 0.1587848206361135, 0.0, 0.0009762001741667821, 0.0, 0.0, 0.0], 'rewardMean': 0.9905543649870721, 'totalEpisodes': 762, 'stepsPerEpisode': 1536, 'rewardPerEpisode': 1512.28269972871
'totalSteps': 115200, 'rewardStep': 0.9955322346273654, 'errorList': [], 'lossList': [0.0, 0.1857323964436849, 0.0, 0.0009535082301833123, 0.0, 0.0, 0.0], 'rewardMean': 0.9904966788485403, 'totalEpisodes': 762, 'stepsPerEpisode': 1536, 'rewardPerEpisode': 1524.896885418348
'totalSteps': 116736, 'rewardStep': 0.9664943868119807, 'errorList': [], 'lossList': [0.0, 0.19269659568866093, 0.0, 0.009238724296543903, 0.0, 0.0, 0.0], 'rewardMean': 0.9879265566161081, 'totalEpisodes': 762, 'stepsPerEpisode': 1536, 'rewardPerEpisode': 1492.3078638895893
'totalSteps': 118272, 'rewardStep': 0.9484796040624902, 'errorList': [], 'lossList': [0.0, 0.21319862057765324, 0.0, 0.011286592309867652, 0.0, 0.0, 0.0], 'rewardMean': 0.9836677772859229, 'totalEpisodes': 762, 'stepsPerEpisode': 1536, 'rewardPerEpisode': 1464.6963758435493
'totalSteps': 119808, 'rewardStep': 0.7478001469428364, 'errorList': [], 'lossList': [0.0, 0.23451155225435893, 0.0, 0.029472477462453146, 0.0, 0.0, 0.0], 'rewardMean': 0.9595693906622345, 'totalEpisodes': 762, 'stepsPerEpisode': 1536, 'rewardPerEpisode': 1341.8266679148892
'totalSteps': 121344, 'rewardStep': 0.9154878924752945, 'errorList': [], 'lossList': [0.0, 0.24138973752657572, 0.0, 5.572586686598758, 0.0, 0.0, 0.0], 'rewardMean': 0.9515304017310235, 'totalEpisodes': 764, 'stepsPerEpisode': 902, 'rewardPerEpisode': 864.4676895162385
'totalSteps': 122880, 'rewardStep': 0.9267320984996008, 'errorList': [], 'lossList': [0.0, 0.24634296993414562, 0.0, 0.028457437447893124, 0.0, 0.0, 0.0], 'rewardMean': 0.9454298655752347, 'totalEpisodes': 764, 'stepsPerEpisode': 1536, 'rewardPerEpisode': 1407.8188334186643
'totalSteps': 124416, 'rewardStep': 0.9684376120293267, 'errorList': [0.20013216947517848, 1412.5656016539222, 0.1334563946613492, 0.12672290398914515, 0.3218746204092548, 0.32419963989833395, 0.23587970800270616, 0.15306563442173465, 536.5307475439432, 0.24966617947025216, 0.11067246461024366, 0.1596331261065136, 0.1018743873251194, 0.29856865440314034, 126.14914813973422, 0.022690554099761673, 1494.780698558509, 0.039075454944049536, 1618.8381810756325, 0.27288916440367966, 0.11297608006389637, 985.922937135674, 0.37049103290024465, 1418.6239303602108, 0.1293663006527697, 1470.4587337274381, 0.09258814688673458, 0.1496406595199706, 1384.3862305892403, 853.5630266606198, 1081.2115426648108, 826.137843879442, 209.56748232709973, 0.13044259123665042, 548.1180647943884, 1146.880355499839, 0.0389596063389542, 733.7231747057687, 0.10050094471655793, 97955.83676027546, 453.3277598157822, 0.2933196861947234, 0.29312554205623176, 1529.4945753344673, 1216163.3792117783, 0.2516320469821968, 1407.8831367642795, 1465.408307365524, 0.10879931407406625, 1296.880591151586, 1401.5926912667728, 0.37563032876746755, 0.07829885024325046, 0.03982840005108886, 264813.6160154113, 1232.8175638768498, 1620.9918818304775, 0.4196471378958471, 1201.6329119315467, 0.1734842229590748, 786.5688624925485, 0.19260854858054588, 1194358.5438774752, 966.5580703565065, 638.5323452404047, 0.3630099619273019, 0.18330810481113155, 0.2864827106645062, 370.0306076865917, 1498427.0980982585, 1218.8529126096173, 0.4496158162720876, 164399.76137334263, 44057.69536363826, 0.36815904494824986, 0.1239283698341769, 0.065442708350775, 120115.65351841263, 997.3841363047969, 1524.7276253696416, 0.030995664702255676, 1185.3210373976135, 0.0550710848302703, 795847.5528463816, 676.2882982599509, 1562.1155667672845, 903.940836020595, 7048851.159026132, 1156.0557966555414, 1440.8006681419904, 0.1804564718903669, 0.12531529631270935, 0.02532789848307984, 387.3077671478822, 1430.684449988614, 128469.148377848, 0.08451983252160251, 660.4539420292408, 24406.21665872429, 0.18736905989416028], 'lossList': [0.0, 0.25995793839295706, 0.0, 0.010737575464493906, 0.0, 0.0, 0.0], 'rewardMean': 0.9430982776622997, 'totalEpisodes': 764, 'stepsPerEpisode': 1536, 'rewardPerEpisode': 1461.7621841205573, 'successfulTests': 30
'totalSteps': 125952, 'rewardStep': 0.996464369864443, 'errorList': [], 'lossList': [0.0, 0.28031737407048546, 0.0, 0.007119828187084446, 0.0, 0.0, 0.0], 'rewardMean': 0.9432350024675087, 'totalEpisodes': 764, 'stepsPerEpisode': 1536, 'rewardPerEpisode': 1510.8246060745491
'totalSteps': 127488, 'rewardStep': 0.9890738029457672, 'errorList': [], 'lossList': [0.0, 0.30695777336756386, 0.0, 0.007981861549584817, 0.0, 0.0, 0.0], 'rewardMean': 0.9440699922186628, 'totalEpisodes': 764, 'stepsPerEpisode': 1536, 'rewardPerEpisode': 1518.1600408426689
'totalSteps': 129024, 'rewardStep': 0.9892690834050951, 'errorList': [], 'lossList': [0.0, 0.34881857186555865, 0.0, 0.0019368256306430945, 0.0, 0.0, 0.0], 'rewardMean': 0.9443771231664201, 'totalEpisodes': 764, 'stepsPerEpisode': 1536, 'rewardPerEpisode': 1522.6188750890653
'totalSteps': 130560, 'rewardStep': 0.9794110370351261, 'errorList': [1370.3165463919183, 0.25154414047690643, 0.1719403447450179, 0.22346654859967252, 0.14239591600748686, 0.2171595772462199, 0.20522386886998262, 0.11910732126268009, 0.27513628204552437, 0.020551414733468797, 0.05658497344699231, 0.1680194077563619, 0.022305439068681387, 201.54887259291226, 0.06667552243982627, 0.1978159410476838, 0.059664928019017, 0.10443025896593412, 0.021060866784450672, 0.26262286002625224, 0.0478339029991819, 0.13102513110504632, 265443.4308528397, 0.0316585501072301, 0.15759519654121548, 0.08777415199586315, 0.12571299667074087, 0.2550652049787251, 0.06822645917191163, 0.03841226470602767, 0.08884091777875595, 0.11771150722410952, 0.17579711155756586, 0.10965590549342863, 0.024880401280421478, 0.03801995123252744, 0.07384105853668825, 0.07301873533367122, 918.7876221103804, 773.1245527232123, 0.16197783618028427, 0.26917639701705576, 1611.9082086951457, 0.06126922002270463, 0.1286446436798878, 100333.04457728863, 0.026030072631830173, 541.2921587999766, 1610.6624314555336, 0.22153414445501823, 0.027022573746307194, 0.21089610466555184, 86423.00199106187, 0.21585651076710047, 0.1433193551434424, 0.2444325359168545, 0.025564126728655445, 886.8905800176318, 0.021295301169371388, 0.15318974205844335, 0.19339784830897716, 0.11910565745935607, 782.3930920105098, 340.22174981858916, 877.6927281212718, 0.01660618539274717, 0.12451507072795294, 0.06372680910431118, 1544.8988287586033, 1618.216949803971, 0.27698303392487816, 0.08502229866327386, 0.2123473273959363, 765929.7137230468, 1432.3895582644957, 0.11606835560841976, 0.09800426041773964, 0.16706095553736688, 0.16330619355484963, 0.036259614685274257, 0.01881614279957659, 0.12334130402194128, 0.10576544977153236, 1369.391513654508, 0.18858041127890468, 252.9444295315587, 0.044558530270465475, 0.0500335914708736, 0.024128041096146063, 0.11492133855246144, 0.04201267098250795, 0.07832987268717267, 0.06569608277099012, 0.02318538746891668, 695.0108717097633, 0.06334093477684839, 0.01532043382317586, 1048.6491313780618, 1062.9450468434925, 0.146817124333583], 'lossList': [0.0, 0.38538428048292794, 0.0, 0.00145822538252105, 0.0, 0.0, 0.0], 'rewardMean': 0.9427650034071959, 'totalEpisodes': 764, 'stepsPerEpisode': 1536, 'rewardPerEpisode': 1516.0487529062084, 'successfulTests': 63
'totalSteps': 132096, 'rewardStep': 0.9914797354261974, 'errorList': [], 'lossList': [0.0, 0.42097896660367645, 0.0, 0.0009478762207436375, 0.0, 0.0, 0.0], 'rewardMean': 0.9452635382686179, 'totalEpisodes': 764, 'stepsPerEpisode': 1536, 'rewardPerEpisode': 1517.3502306406417
'totalSteps': 133632, 'rewardStep': 0.9903442497670828, 'errorList': [], 'lossList': [0.0, 0.4539952302972476, 0.0, 0.0015327602125277432, 0.0, 0.0, 0.0], 'rewardMean': 0.9494500028390769, 'totalEpisodes': 764, 'stepsPerEpisode': 1536, 'rewardPerEpisode': 1522.9733148237187
'totalSteps': 135168, 'rewardStep': 0.9960531792541367, 'errorList': [], 'lossList': [0.0, 0.47988695750633875, 0.0, 0.0017383784977331137, 0.0, 0.0, 0.0], 'rewardMean': 0.974275306070207, 'totalEpisodes': 764, 'stepsPerEpisode': 1536, 'rewardPerEpisode': 1527.2423537986049
'totalSteps': 136704, 'rewardStep': 0.9930815273795528, 'errorList': [0.029509339528947225, 0.11610216478446926, 1300.208690214525, 0.06964868741898035, 1318.1607836216024, 0.10437527956113313, 1244.9589989387964, 796.7730468335211, 0.06292143860729153, 0.07226915000965349, 0.10337412134981133, 857.6394598176928, 0.11508139182173026, 1454.366458628922, 0.08201984286056714, 1485.205341791968, 0.14205321054531966, 0.029881564091619066, 419.7837678856905, 0.11347676969648064, 24595.528889082147, 0.02946654927224894, 0.027347908635200337, 700876.7546456819, 259.4622509474479, 265354.62348540797, 869.2073755496666, 0.15554380665821135, 1124144.2389057658, 367.25326436804926, 0.041849723077856914, 415.80731858584977, 1196.3305623848266, 1418.1942102194598, 0.11083624662052051, 112710.07317521668, 0.028727253906187643, 1549.9274795285596, 595.6249124702196, 0.02742239478186769, 1098.1255915770103, 190225.27999928032, 1619.5960853691026, 868.6652642969483, 0.13540624173309398, 200452.46085598244, 416680.79409217945, 0.04079282678483013, 0.09091125515039115, 0.029812529850292556, 0.025777047389535387, 0.08828937104542169, 1444.5900989257218, 0.081618554258754, 0.02989668308955978, 0.029038992027031425, 0.040688125300964974, 0.10062984398194337, 85.54383456744189, 1161.7184624951649, 211419.76077674847, 794.6180784571077, 251039.09420131022, 1179.2419127180804, 0.03786537227335559, 624416.8881866889, 1437.8229471676823, 0.05368852778006083, 1515.8854495995088, 0.11493892355270144, 569660.4321878031, 1330.5540405574723, 1207.6668778256746, 9261.089190857994, 0.029177195096378762, 0.06372222169893625, 0.04241704480110539, 0.09855178766396919, 799.046169627721, 0.02923286539589798, 0.09020309971435123, 924.1934391891248, 0.028911846593491518, 1618.0367338618103, 0.12460054375062238, 0.1122016296906141, 659.060568185411, 0.0351855535411207, 0.15848663642014096, 1400.4298118387983, 1322.563821223982, 748.5962020366367, 0.02841929675932537, 1176.37466827464, 0.042547785319224735, 643.3027135207373, 0.028588205790118133, 0.10520203192254377, 0.11463028812787758, 1418.9549053927942], 'lossList': [0.0, 0.4851950131356716, 0.0, 0.0015865307780283425, 0.0, 0.0, 0.0], 'rewardMean': 0.9820346695606329, 'totalEpisodes': 764, 'stepsPerEpisode': 1536, 'rewardPerEpisode': 1524.4292256699634, 'successfulTests': 49
'totalSteps': 138240, 'rewardStep': 0.9931934116928384, 'errorList': [], 'lossList': [0.0, 0.486709522207578, 0.0, 0.000941572812856369, 0.0, 0.0, 0.0], 'rewardMean': 0.9886808008799566, 'totalEpisodes': 764, 'stepsPerEpisode': 1536, 'rewardPerEpisode': 1524.8837549903687
'totalSteps': 139776, 'rewardStep': 0.9896191268680111, 'errorList': [], 'lossList': [0.0, 0.5043584503233433, 0.0, 0.000559153705277519, 0.0, 0.0, 0.0], 'rewardMean': 0.990798952363825, 'totalEpisodes': 764, 'stepsPerEpisode': 1536, 'rewardPerEpisode': 1523.8041530159408
'totalSteps': 141312, 'rewardStep': 0.9903921181403103, 'errorList': [], 'lossList': [0.0, 0.5136317970852057, 0.0, 0.0015750805898278486, 0.0, 0.0, 0.0], 'rewardMean': 0.9901917271914117, 'totalEpisodes': 764, 'stepsPerEpisode': 1536, 'rewardPerEpisode': 1526.0807372283339
'totalSteps': 142848, 'rewardStep': 0.9854672592746185, 'errorList': [0.03540702058045261, 0.02069041648918984, 0.09533885010687262, 0.1621232746321803, 0.02496918933717078, 292111.56811581086, 1429.6009480667433, 0.06663212475012957, 0.10942055464989, 803.3891351930757, 1534.5450468565277, 0.1129940858263504, 0.1775749323593342, 0.06575870039598368, 0.11794190265843756, 0.021404615660589932, 1311.3583800963138, 0.041804669892709895, 0.18152632798822968, 0.08884786977622765, 0.17904096903728517, 0.1450727318574523, 87070.03651347767, 0.12734410701176066, 578141.0128550215, 0.06883935032433501, 0.038415456824680824, 0.0429408074932523, 0.03442619822820939, 0.13537238800986384, 0.11962791909568608, 0.06460318838231749, 0.13131815463699734, 0.1515339811671315, 451560.88283588865, 0.17495665798923374, 270575.628237973, 0.18872186227521134, 0.18426025656316708, 0.020424713725945162, 0.04951274168463188, 0.07226408435723314, 1620.1663963622614, 0.12447274962218077, 0.02024418190540417, 0.09678366891562461, 0.09713100161831643, 0.06839822622316612, 174.5378353171207, 0.08586854639303834, 0.021047752392061924, 0.02447550021919362, 0.17765347444088098, 0.05033675052629674, 0.11267339214204462, 1334.5306472262982, 787471.6145488784, 0.22328314969810723, 0.13158118743371444, 0.07047302519018386, 0.10398754571356353, 0.020761689607517196, 1478.2849664719552, 0.11764336117370022, 0.27221638765047007, 0.03920522352329501, 0.02889354652677104, 0.04153425580948467, 2761748.9690298666, 0.02115299514960592, 0.22115424064248967, 0.020894710371261574, 0.020925447895254592, 0.17635077132389623, 1277.7387643627508, 0.1331284770292392, 1464.3128788381894, 0.15877431877651127, 0.059080856119777814, 0.1864371672363436, 0.06826096420349574, 0.18264428825100382, 0.11858916451108124, 776.5850179361488, 0.13693934759579784, 0.14217697341926303, 0.03594089554329601, 0.0238081605450333, 1537.3203467696549, 1616.2591111213662, 0.043055682868481396, 0.18276907866851197, 0.17188733099784004, 0.04407927702592967, 0.12667981438497464, 0.10806067508707093, 0.16607468803955214, 0.21218941169087488, 0.0739751883618185, 0.033483798535483854], 'lossList': [0.0, 0.521800322830677, 0.0, 0.0005455027603602502, 0.0, 0.0, 0.0], 'rewardMean': 0.9898310728242968, 'totalEpisodes': 764, 'stepsPerEpisode': 1536, 'rewardPerEpisode': 1523.4739261660013, 'successfulTests': 76
'totalSteps': 144384, 'rewardStep': 0.9929752436673196, 'errorList': [], 'lossList': [0.0, 0.5580040489633878, 0.0, 0.0007898684407943317, 0.0, 0.0, 0.0], 'rewardMean': 0.9902016888505194, 'totalEpisodes': 764, 'stepsPerEpisode': 1536, 'rewardPerEpisode': 1522.023596151832
'totalSteps': 145920, 'rewardStep': 0.9857196407743015, 'errorList': [], 'lossList': [0.0, 0.5871935613453388, 0.0, 0.002390011794947592, 0.0, 0.0, 0.0], 'rewardMean': 0.9908325492244368, 'totalEpisodes': 764, 'stepsPerEpisode': 1536, 'rewardPerEpisode': 1513.842662096654
'totalSteps': 147456, 'rewardStep': 0.9957060224297075, 'errorList': [], 'lossList': [0.0, 0.6046592657764752, 0.0, 0.0006448772974787669, 0.0, 0.0, 0.0], 'rewardMean': 0.9912551779247879, 'totalEpisodes': 764, 'stepsPerEpisode': 1536, 'rewardPerEpisode': 1525.6262692384444
'totalSteps': 148992, 'rewardStep': 0.9962185330717209, 'errorList': [0.05706939675514709, 892023.8180602697, 0.06000726708108984, 0.06890887534871512, 0.05740605809027962, 0.03973657228965405, 0.06920006431421478, 0.05632515310494105, 0.05971796211810927, 0.046032757599883074, 0.04878178339427294, 0.03845716223673785, 0.03297147935985492, 0.046075745178339844, 0.04815320887994558, 0.047601691929896044, 0.05988770958095652, 0.04290067549045354, 0.04237990378429492, 1507.038438456065, 0.03307475234653252, 0.04148254319121644, 0.05564714467558543, 0.05449413889506955, 0.07584887305194657, 0.05297384663961701, 0.07318073377754553, 0.09652914679954422, 0.09175533042785193, 1103.9029266490672, 0.06732863642872966, 0.07674004418643275, 0.083214548196656, 868.5792103656833, 0.05215526732155259, 0.04052008933897021, 0.0614750467745077, 0.04812695717336083, 0.04743148315510559, 0.07377263267995693, 0.05723365645320921, 0.05073190910576531, 0.03289050271483973, 0.033700783432291014, 0.06044374981045155, 0.06984103694580358, 0.09945966815552003, 0.04892545337523169, 0.05873761835700612, 0.03922482302204572, 0.10232686556101649, 0.06689312281902213, 0.034577393077544955, 0.04146131468757174, 112192820.7387816, 818.2323442643368, 0.03283942899411527, 0.0592255035177585, 0.0557813308677872, 139333.63848416327, 0.06280643283541035, 666012.7337946028, 0.05987209623659351, 0.03699233667535327, 0.06309385556439348, 0.059410874904421006, 0.03462017529215325, 0.047638638811743635, 0.03560589922025063, 0.03832572817523593, 0.03570000908080019, 1295.7773713284225, 243.86680183757002, 0.045804699227739144, 0.09353149966865901, 0.04608129648826721, 1050.2803674627114, 0.0329248382691142, 0.0435542988010221, 0.04459227018265124, 0.05918984800872682, 0.0534497987711182, 0.06848921894137507, 0.04641170693830182, 0.055409642198607764, 0.03601051910945537, 0.03669395127553767, 0.05797421184537233, 0.04630048835992723, 0.059696483904013345, 0.06565809277757176, 0.04595531980543862, 0.034017373936295184, 0.05256964741794997, 0.05079860062863329, 0.044056525129760694, 0.05579621115131297, 0.043004638501199954, 0.06178899799982676, 0.07907866218154609], 'lossList': [0.0, 0.6223597904046376, 0.0, 0.001480448658791526, 0.0, 0.0, 0.0], 'rewardMean': 0.9918426062552518, 'totalEpisodes': 764, 'stepsPerEpisode': 1536, 'rewardPerEpisode': 1526.721463451271, 'successfulTests': 89
'totalSteps': 150528, 'rewardStep': 0.9879919234900617, 'errorList': [], 'lossList': [0.0, 0.6349644189079603, 0.0, 0.0005585348437307403, 0.0, 0.0, 0.0], 'rewardMean': 0.9910364806788443, 'totalEpisodes': 764, 'stepsPerEpisode': 1536, 'rewardPerEpisode': 1524.166446506201
'totalSteps': 152064, 'rewardStep': 0.9975340798516095, 'errorList': [], 'lossList': [0.0, 0.6553020412723224, 0.0, 0.0006243262085263268, 0.0, 0.0, 0.0], 'rewardMean': 0.9914817359260499, 'totalEpisodes': 764, 'stepsPerEpisode': 1536, 'rewardPerEpisode': 1527.5386576504975
'totalSteps': 153600, 'rewardStep': 0.9968307344078919, 'errorList': [], 'lossList': [0.0, 0.681164255241553, 0.0, 0.0010054912587293074, 0.0, 0.0, 0.0], 'rewardMean': 0.9918454681975553, 'totalEpisodes': 764, 'stepsPerEpisode': 1536, 'rewardPerEpisode': 1526.550561763777
'totalSteps': 155136, 'rewardStep': 0.9967171038219994, 'errorList': [0.0370033330412601, 0.06322533439598811, 0.05246008862398101, 0.036930820332266634, 0.10119837083165584, 0.04816155777799428, 0.07371276566119363, 0.12435827720012377, 0.061484408903118355, 371326.8268766741, 0.0977629329036775, 0.05559709494064445, 0.028564692010208788, 0.08367252847083975, 0.02007070458803645, 0.04794758362880592, 0.10561933144935502, 0.00972458487928391, 0.022161016004651212, 0.0957650438115003, 0.030086057714161812, 0.04059031844899587, 0.08958983577145134, 0.026584792748642675, 0.025545308680964288, 0.08620962721299251, 0.06746727695337171, 0.03876019903785487, 0.03205273389182309, 0.017556395604394686, 0.0638334488213927, 0.08440450435932458, 0.07923637829848022, 0.06756872787385106, 0.025912625710408914, 0.06609795663872614, 0.11530099860786101, 0.019263705266894523, 0.04159424098989865, 0.0671500428694849, 0.02854769878127897, 0.023611065866255037, 0.04175704969628068, 0.025006862576824947, 0.08921683272171932, 0.060544154032713154, 0.12586033384384282, 0.015882203447236922, 0.0719562630765373, 0.05431554025219728, 0.05947524422449821, 0.05341444981440259, 0.11866521873419535, 0.021899673831109707, 0.03533954656473161, 0.07634975908856513, 0.059693179223884514, 0.07134999377228975, 0.1006193973133558, 0.09052738736254835, 0.08100525125613042, 0.06730387507827836, 0.027691826275978, 0.011000490093438663, 0.08922881764941333, 0.09209155463084544, 731.551184803789, 0.07041137601817003, 0.01753663911503496, 0.10862978798260481, 0.006569064175324374, 0.04454421713458235, 0.038408732185009176, 0.09058035198521078, 0.08714102385782217, 0.10237320775603419, 0.013283723763866703, 0.049732137740426424, 0.06768933865938578, 0.023413185397868786, 0.047109035659910384, 0.06416826754857279, 0.0321505141232242, 0.02090055238351572, 0.11485660734914474, 0.06775565682892733, 0.1273192625380191, 0.035325580681428645, 0.05264589557906972, 0.017892319470038633, 0.008665489373069938, 0.008893093794642228, 0.027813127129370778, 0.037929099931972146, 0.008533930746963202, 0.10820876854270418, 0.0101426284640489, 0.055993344861185464, 0.09871348762341083, 0.04103205460564812], 'lossList': [0.0, 0.6987189332644145, 0.0, 0.0005008155093795115, 0.0, 0.0, 0.0], 'rewardMean': 0.9925552658929542, 'totalEpisodes': 764, 'stepsPerEpisode': 1536, 'rewardPerEpisode': 1527.718794302628, 'successfulTests': 98
'totalSteps': 156672, 'rewardStep': 0.9973000960445576, 'errorList': [], 'lossList': [0.0, 0.7230147475997607, 0.0, 0.0006555048855564868, 0.0, 0.0, 0.0], 'rewardMean': 0.9932460636833789, 'totalEpisodes': 764, 'stepsPerEpisode': 1536, 'rewardPerEpisode': 1529.5510581189048
'totalSteps': 158208, 'rewardStep': 0.9963716241007426, 'errorList': [], 'lossList': [0.0, 0.7500542943676313, 0.0, 0.0012145532005888525, 0.0, 0.0, 0.0], 'rewardMean': 0.9943365001659913, 'totalEpisodes': 764, 'stepsPerEpisode': 1536, 'rewardPerEpisode': 1528.7376764477792
'totalSteps': 159744, 'rewardStep': 0.9963211154970427, 'errorList': [], 'lossList': [0.0, 0.7531107679009438, 0.0, 0.0003393413931310837, 0.0, 0.0, 0.0], 'rewardMean': 0.9946710873489636, 'totalEpisodes': 764, 'stepsPerEpisode': 1536, 'rewardPerEpisode': 1527.3928563364775
